Application; Application[FR]
PHP Process; PHP Process[FR]
name; name[FR]
group; group[FR]
home; home[FR]
shell; shell[FR]
unknown; unknown[FR]
Why are you here ? Should be ajax.; Why are you here ? Should be ajax.[FR]
Save configuration; Save configuration[FR]
Exist; Exist[FR]
Not found on the current system; Not found on the current system[FR]
File or directory doesn't exist; File or directory doesn't exist[FR] 